n=4
count=199
# 1
count=0
1 2
1 3
1 4
# 2
count=0
1 2
1 3
2 4
# 3
count=0
1 2
1 3
4 1
# 4
count=0
1 2
1 3
4 2
# 5
count=0
1 2
2 3
3 4
# 6
count=0
1 2
2 3
4 2
# 7
count=0
1 2
2 3
4 3
# 8
count=0
1 2
3 2
4 2
# 9
count=0
1 2
1 3
1 4
2 1
# 10
count=0
1 2
1 3
1 4
2 3
# 11
count=0
1 2
1 3
2 1
2 4
# 12
count=0
1 2
1 3
2 1
3 4
# 13
count=0
1 2
1 3
2 1
4 1
# 14
count=0
1 2
1 3
2 1
4 2
# 15
count=0
1 2
1 3
2 1
4 3
# 16
count=0
1 2
1 3
2 3
2 4
# 17
count=0
1 2
1 3
2 3
3 4
# 18
count=0
1 2
1 3
2 3
4 1
# 19
count=0
1 2
1 3
2 3
4 2
# 20
count=0
1 2
1 3
2 3
4 3
# 21
count=0
1 2
1 3
2 4
3 4
# 22
count=0
1 2
1 3
2 4
4 1
# 23
count=0
1 2
1 3
2 4
4 2
# 24
count=0
1 2
1 3
2 4
4 3
# 25
count=0
1 2
1 3
4 2
4 3
# 26
count=0
1 2
2 1
3 1
4 1
# 27
count=0
1 2
2 1
3 1
4 2
# 28
count=0
1 2
2 1
3 1
4 3
# 29
count=0
1 2
2 3
3 1
4 1
# 30
count=0
1 2
2 3
3 4
4 1
# 31
count=0
1 2
1 3
1 4
2 1
2 3
# 32
count=0
1 2
1 3
1 4
2 1
3 1
# 33
count=0
1 2
1 3
1 4
2 1
3 2
# 34
count=0
1 2
1 3
1 4
2 1
3 4
# 35
count=0
1 2
1 3
1 4
2 3
2 4
# 36
count=0
1 2
1 3
1 4
2 3
3 2
# 37
count=0
1 2
1 3
1 4
2 3
3 4
# 38
count=0
1 2
1 3
1 4
2 3
4 3
# 39
count=0
1 2
1 3
2 1
2 3
3 4
# 40
count=0
1 2
1 3
2 1
2 3
4 1
# 41
count=0
1 2
1 3
2 1
2 3
4 3
# 42
count=0
1 2
1 3
2 1
2 4
3 1
# 43
count=0
1 2
1 3
2 1
2 4
3 2
# 44
count=0
1 2
1 3
2 1
2 4
3 4
# 45
count=0
1 2
1 3
2 1
3 1
4 1
# 46
count=0
1 2
1 3
2 1
3 1
4 2
# 47
count=0
1 2
1 3
2 1
3 2
3 4
# 48
count=0
1 2
1 3
2 1
3 2
4 1
# 49
count=0
1 2
1 3
2 1
3 2
4 2
# 50
count=0
1 2
1 3
2 1
3 2
4 3
# 51
count=0
1 2
1 3
2 1
3 4
4 1
# 52
count=0
1 2
1 3
2 1
3 4
4 2
# 53
count=0
1 2
1 3
2 1
3 4
4 3
# 54
count=0
1 2
1 3
2 1
4 1
4 2
# 55
count=0
1 2
1 3
2 1
4 1
4 3
# 56
count=0
1 2
1 3
2 1
4 2
4 3
# 57
count=0
1 2
1 3
2 3
2 4
3 4
# 58
count=0
1 2
1 3
2 3
2 4
4 1
# 59
count=0
1 2
1 3
2 3
2 4
4 3
# 60
count=0
1 2
1 3
2 3
3 2
4 1
# 61
count=0
1 2
1 3
2 3
3 2
4 2
# 62
count=0
1 2
1 3
2 3
3 4
4 1
# 63
count=0
1 2
1 3
2 3
3 4
4 2
# 64
count=0
1 2
1 3
2 3
3 4
4 3
# 65
count=0
1 2
1 3
2 3
4 2
4 3
# 66
count=0
1 2
1 3
2 4
3 4
4 1
# 67
count=1
1 2
1 3
2 4
3 4
4 2
# 68
count=0
1 2
1 3
1 4
2 1
2 3
2 4
# 69
count=0
1 2
1 3
1 4
2 1
2 3
3 1
# 70
count=0
1 2
1 3
1 4
2 1
2 3
3 2
# 71
count=0
1 2
1 3
1 4
2 1
2 3
3 4
# 72
count=0
1 2
1 3
1 4
2 1
2 3
4 1
# 73
count=0
1 2
1 3
1 4
2 1
2 3
4 2
# 74
count=0
1 2
1 3
1 4
2 1
2 3
4 3
# 75
count=0
1 2
1 3
1 4
2 1
3 1
4 1
# 76
count=0
1 2
1 3
1 4
2 1
3 1
4 2
# 77
count=0
1 2
1 3
1 4
2 1
3 2
3 4
# 78
count=0
1 2
1 3
1 4
2 1
3 2
4 2
# 79
count=0
1 2
1 3
1 4
2 1
3 2
4 3
# 80
count=0
1 2
1 3
1 4
2 1
3 4
4 3
# 81
count=0
1 2
1 3
1 4
2 3
2 4
3 2
# 82
count=0
1 2
1 3
1 4
2 3
2 4
3 4
# 83
count=0
1 2
1 3
1 4
2 3
3 2
4 2
# 84
count=0
1 2
1 3
1 4
2 3
3 4
4 2
# 85
count=0
1 2
1 3
2 1
2 3
3 1
3 4
# 86
count=0
1 2
1 3
2 1
2 3
3 1
4 1
# 87
count=0
1 2
1 3
2 1
2 3
3 1
4 2
# 88
count=0
1 2
1 3
2 1
2 3
3 1
4 3
# 89
count=0
1 2
1 3
2 1
2 3
3 4
4 1
# 90
count=0
1 2
1 3
2 1
2 3
3 4
4 3
# 91
count=0
1 2
1 3
2 1
2 3
4 1
4 2
# 92
count=0
1 2
1 3
2 1
2 3
4 1
4 3
# 93
count=0
1 2
1 3
2 1
2 4
3 1
3 4
# 94
count=0
1 2
1 3
2 1
2 4
3 1
4 1
# 95
count=0
1 2
1 3
2 1
2 4
3 1
4 2
# 96
count=0
1 2
1 3
2 1
2 4
3 1
4 3
# 97
count=0
1 2
1 3
2 1
2 4
3 2
3 4
# 98
count=0
1 2
1 3
2 1
2 4
3 2
4 1
# 99
count=0
1 2
1 3
2 1
2 4
3 2
4 3
# 100
count=0
1 2
1 3
2 1
2 4
3 4
4 3
# 101
count=0
1 2
1 3
2 1
3 1
4 1
4 2
# 102
count=0
1 2
1 3
2 1
3 1
4 2
4 3
# 103
count=0
1 2
1 3
2 1
3 2
3 4
4 1
# 104
count=0
1 2
1 3
2 1
3 2
3 4
4 2
# 105
count=0
1 2
1 3
2 1
3 2
3 4
4 3
# 106
count=0
1 2
1 3
2 1
3 2
4 1
4 2
# 107
count=0
1 2
1 3
2 1
3 2
4 1
4 3
# 108
count=0
1 2
1 3
2 1
3 2
4 2
4 3
# 109
count=0
1 2
1 3
2 1
3 4
4 1
4 2
# 110
count=0
1 2
1 3
2 1
3 4
4 2
4 3
# 111
count=0
1 2
1 3
2 3
2 4
3 4
4 1
# 112
count=0
1 2
1 3
2 3
2 4
3 4
4 3
# 113
count=0
1 2
1 3
2 3
2 4
4 1
4 3
# 114
count=0
1 2
1 3
2 3
3 2
4 2
4 3
# 115
count=0
1 2
1 3
1 4
2 1
2 3
2 4
3 1
# 116
count=0
1 2
1 3
1 4
2 1
2 3
2 4
3 4
# 117
count=0
1 2
1 3
1 4
2 1
2 3
3 1
3 2
# 118
count=0
1 2
1 3
1 4
2 1
2 3
3 1
3 4
# 119
count=0
1 2
1 3
1 4
2 1
2 3
3 1
4 1
# 120
count=0
1 2
1 3
1 4
2 1
2 3
3 1
4 2
# 121
count=0
1 2
1 3
1 4
2 1
2 3
3 1
4 3
# 122
count=0
1 2
1 3
1 4
2 1
2 3
3 2
3 4
# 123
count=0
1 2
1 3
1 4
2 1
2 3
3 2
4 1
# 124
count=0
1 2
1 3
1 4
2 1
2 3
3 2
4 2
# 125
count=0
1 2
1 3
1 4
2 1
2 3
3 2
4 3
# 126
count=0
1 2
1 3
1 4
2 1
2 3
3 4
4 1
# 127
count=0
1 2
1 3
1 4
2 1
2 3
3 4
4 2
# 128
count=0
1 2
1 3
1 4
2 1
2 3
3 4
4 3
# 129
count=0
1 2
1 3
1 4
2 1
2 3
4 1
4 3
# 130
count=0
1 2
1 3
1 4
2 1
2 3
4 2
4 3
# 131
count=0
1 2
1 3
1 4
2 1
3 1
4 2
4 3
# 132
count=0
1 2
1 3
1 4
2 1
3 2
3 4
4 2
# 133
count=0
1 2
1 3
1 4
2 1
3 2
3 4
4 3
# 134
count=0
1 2
1 3
1 4
2 3
2 4
3 2
3 4
# 135
count=0
1 2
1 3
1 4
2 3
2 4
3 2
4 2
# 136
count=0
1 2
1 3
1 4
2 3
2 4
3 2
4 3
# 137
count=0
1 2
1 3
1 4
2 3
2 4
3 4
4 3
# 138
count=0
1 2
1 3
2 1
2 3
3 1
3 2
4 1
# 139
count=0
1 2
1 3
2 1
2 3
3 1
3 4
4 1
# 140
count=0
1 2
1 3
2 1
2 3
3 1
3 4
4 2
# 141
count=0
1 2
1 3
2 1
2 3
3 1
3 4
4 3
# 142
count=0
1 2
1 3
2 1
2 3
3 1
4 1
4 2
# 143
count=0
1 2
1 3
2 1
2 3
3 1
4 1
4 3
# 144
count=0
1 2
1 3
2 1
2 3
3 1
4 2
4 3
# 145
count=0
1 2
1 3
2 1
2 3
3 4
4 1
4 2
# 146
count=0
1 2
1 3
2 1
2 3
3 4
4 1
4 3
# 147
count=0
1 2
1 3
2 1
2 4
3 1
3 4
4 1
# 148
count=0
1 2
1 3
2 1
2 4
3 1
3 4
4 2
# 149
count=0
1 2
1 3
2 1
2 4
3 1
4 1
4 3
# 150
count=0
1 2
1 3
2 1
2 4
3 2
3 4
4 1
# 151
count=0
1 2
1 3
2 1
2 4
3 2
3 4
4 3
# 152
count=0
1 2
1 3
2 1
3 2
3 4
4 1
4 2
# 153
count=0
1 2
1 3
1 4
2 1
2 3
2 4
3 1
3 2
# 154
count=0
1 2
1 3
1 4
2 1
2 3
2 4
3 1
3 4
# 155
count=0
1 2
1 3
1 4
2 1
2 3
2 4
3 1
4 1
# 156
count=0
1 2
1 3
1 4
2 1
2 3
2 4
3 1
4 2
# 157
count=0
1 2
1 3
1 4
2 1
2 3
2 4
3 1
4 3
# 158
count=0
1 2
1 3
1 4
2 1
2 3
2 4
3 4
4 3
# 159
count=0
1 2
1 3
1 4
2 1
2 3
3 1
3 2
4 1
# 160
count=0
1 2
1 3
1 4
2 1
2 3
3 1
3 2
4 2
# 161
count=0
1 2
1 3
1 4
2 1
2 3
3 1
3 4
4 1
# 162
count=0
1 2
1 3
1 4
2 1
2 3
3 1
3 4
4 2
# 163
count=0
1 2
1 3
1 4
2 1
2 3
3 1
3 4
4 3
# 164
count=0
1 2
1 3
1 4
2 1
2 3
3 1
4 1
4 3
# 165
count=0
1 2
1 3
1 4
2 1
2 3
3 1
4 2
4 3
# 166
count=0
1 2
1 3
1 4
2 1
2 3
3 2
3 4
4 1
# 167
count=0
1 2
1 3
1 4
2 1
2 3
3 2
3 4
4 2
# 168
count=0
1 2
1 3
1 4
2 1
2 3
3 2
3 4
4 3
# 169
count=0
1 2
1 3
1 4
2 1
2 3
3 2
4 1
4 3
# 170
count=0
1 2
1 3
1 4
2 1
2 3
3 2
4 2
4 3
# 171
count=0
1 2
1 3
1 4
2 1
2 3
3 4
4 2
4 3
# 172
count=0
1 2
1 3
1 4
2 1
3 2
3 4
4 2
4 3
# 173
count=0
1 2
1 3
1 4
2 3
2 4
3 2
3 4
4 2
# 174
count=0
1 2
1 3
2 1
2 3
3 1
3 2
4 1
4 2
# 175
count=0
1 2
1 3
2 1
2 3
3 1
3 4
4 1
4 2
# 176
count=0
1 2
1 3
2 1
2 3
3 1
3 4
4 1
4 3
# 177
count=0
1 2
1 3
2 1
2 3
3 1
3 4
4 2
4 3
# 178
count=0
1 2
1 3
2 1
2 4
3 1
3 4
4 2
4 3
# 179
count=0
1 2
1 3
2 1
2 4
3 2
3 4
4 1
4 3
# 180
count=0
1 2
1 3
1 4
2 1
2 3
2 4
3 1
3 2
3 4
# 181
count=0
1 2
1 3
1 4
2 1
2 3
2 4
3 1
3 2
4 1
# 182
count=0
1 2
1 3
1 4
2 1
2 3
2 4
3 1
3 2
4 3
# 183
count=0
1 2
1 3
1 4
2 1
2 3
2 4
3 1
3 4
4 1
# 184
count=0
1 2
1 3
1 4
2 1
2 3
2 4
3 1
3 4
4 2
# 185
count=0
1 2
1 3
1 4
2 1
2 3
2 4
3 1
3 4
4 3
# 186
count=0
1 2
1 3
1 4
2 1
2 3
3 1
3 2
4 1
4 2
# 187
count=0
1 2
1 3
1 4
2 1
2 3
3 1
3 2
4 2
4 3
# 188
count=0
1 2
1 3
1 4
2 1
2 3
3 1
3 4
4 1
4 2
# 189
count=0
1 2
1 3
1 4
2 1
2 3
3 1
3 4
4 2
4 3
# 190
count=0
1 2
1 3
1 4
2 1
2 3
3 2
3 4
4 1
4 3
# 191
count=0
1 2
1 3
1 4
2 1
2 3
3 2
3 4
4 2
4 3
# 192
count=0
1 2
1 3
1 4
2 3
2 4
3 2
3 4
4 2
4 3
# 193
count=0
1 2
1 3
1 4
2 1
2 3
2 4
3 1
3 2
3 4
4 1
# 194
count=0
1 2
1 3
1 4
2 1
2 3
2 4
3 1
3 2
4 1
4 2
# 195
count=0
1 2
1 3
1 4
2 1
2 3
2 4
3 1
3 2
4 1
4 3
# 196
count=0
1 2
1 3
1 4
2 1
2 3
2 4
3 1
3 4
4 1
4 3
# 197
count=0
1 2
1 3
1 4
2 1
2 3
2 4
3 1
3 4
4 2
4 3
# 198
count=0
1 2
1 3
1 4
2 1
2 3
2 4
3 1
3 2
3 4
4 1
4 2
# 199
count=0
1 2
1 3
1 4
2 1
2 3
2 4
3 1
3 2
3 4
4 1
4 2
4 3
